% DSUnknown
q
1 G
1 g
0.1 0 0 0.1 9 0 cm
0 J 0 j 4 M []0 d
1 i
0 g
313 292 m
313 404 325 453 432 529 c
478 561 504 597 504 645 c
504 736 440 760 391 760 c
286 760 271 681 265 626 c
265 625 l
100 625 l
100 828 253 898 381 898 c
451 898 679 878 679 650 c
679 555 628 499 538 435 c
488 399 467 376 467 292 c
313 292 l
h
308 214 170 -164 re
f
0.44 G
1.2 w
1 1 0.4 rg
287 318 m
287 430 299 479 406 555 c
451 587 478 623 478 671 c
478 762 414 786 365 786 c
260 786 245 707 239 652 c
239 651 l
74 651 l
74 854 227 924 355 924 c
425 924 653 904 653 676 c
653 581 602 525 512 461 c
462 425 441 402 441 318 c
287 318 l
h
282 240 170 -164 re
B
Q
